0 0.797500 0.782500 0.050000 0.060000
0 0.865000 0.938125 0.060000 0.066250
0 0.651250 0.858125 0.055000 0.056250
0 0.477500 0.810000 0.062500 0.062500
0 0.509375 0.931875 0.063750 0.056250
0 0.470625 0.238125 0.058750 0.073750
0 0.491250 0.292500 0.062500 0.052500
0 0.507500 0.346875 0.062500 0.068750
0 0.524375 0.403750 0.073750 0.067500
0 0.538750 0.450000 0.055000 0.060000
0 0.546875 0.501250 0.063750 0.057500
0 0.560625 0.548750 0.058750 0.065000
0 0.582500 0.603125 0.065000 0.058750
0 0.590625 0.651250 0.058750 0.062500
0 0.599375 0.700000 0.058750 0.060000
0 0.613750 0.745000 0.057500 0.062500
0 0.625625 0.778125 0.051250 0.026250
