0 0.733333 0.946588 0.071111 0.047478
0 0.835556 0.859050 0.053333 0.032641
0 0.724444 0.762611 0.035556 0.029674
0 0.577778 0.749258 0.035556 0.020772
0 0.640000 0.712166 0.026667 0.017804
0 0.717778 0.709199 0.013333 0.011869
0 0.573333 0.724036 0.026667 0.017804
0 0.424444 0.750742 0.031111 0.023739
0 0.266667 0.725519 0.026667 0.020772
0 0.077778 0.767062 0.040000 0.020772
0 0.055556 0.727003 0.031111 0.017804
0 0.111111 0.721068 0.026667 0.017804
0 0.126667 0.838279 0.057778 0.032641
0 0.015556 0.753709 0.022222 0.017804
0 0.097778 0.885757 0.062222 0.044510
0 0.357778 0.928783 0.066667 0.041543
