0 0.392143 0.224619 0.035714 0.068528
0 0.795000 0.401015 0.012857 0.025381
0 0.710000 0.355330 0.014286 0.025381
0 0.698571 0.242386 0.011429 0.022843
0 0.787143 0.470812 0.017143 0.032995
0 0.715000 0.840102 0.021429 0.025381
0 0.700714 0.739848 0.012857 0.022843
0 0.677857 0.760152 0.012857 0.027919
0 0.255714 0.626904 0.014286 0.025381
0 0.198571 0.403553 0.014286 0.025381
0 0.641429 0.173858 0.011429 0.017766
0 0.232143 0.767766 0.012857 0.022843
0 0.157143 0.812183 0.011429 0.015228
0 0.177857 0.780457 0.015714 0.017766
0 0.376429 0.833756 0.010000 0.022843
0 0.552857 0.808376 0.008571 0.017766
0 0.544286 0.710660 0.011429 0.025381
0 0.580000 0.690355 0.008571 0.025381
0 0.934286 0.720812 0.011429 0.020305
0 0.041429 0.743655 0.011429 0.020305
0 0.110714 0.841371 0.010000 0.027919
0 0.062857 0.817259 0.011429 0.025381
0 0.015714 0.819797 0.011429 0.020305
0 0.039286 0.826142 0.012857 0.022843
0 0.229286 0.807107 0.010000 0.020305
0 0.297143 0.822335 0.011429 0.025381
0 0.247143 0.722081 0.011429 0.022843
0 0.201429 0.767766 0.014286 0.022843
0 0.637857 0.761421 0.012857 0.025381
0 0.570000 0.798223 0.011429 0.022843
0 0.811429 0.744924 0.011429 0.022843
0 0.745714 0.815990 0.011429 0.022843
0 0.780714 0.836294 0.010000 0.017766
0 0.941429 0.828680 0.011429 0.022843
0 0.887143 0.831218 0.014286 0.022843
