0 0.229495 0.698251 0.023659 0.043732
0 0.517350 0.647230 0.022082 0.046647
0 0.582808 0.588921 0.020505 0.046647
0 0.656940 0.666181 0.020505 0.043732
0 0.525237 0.526239 0.015773 0.026239
0 0.560726 0.537901 0.014196 0.032070
0 0.602524 0.444606 0.015773 0.020408
0 0.607256 0.473761 0.015773 0.020408
0 0.660095 0.389213 0.014196 0.032070
0 0.769716 0.495627 0.015773 0.034985
0 0.786278 0.492711 0.014196 0.023324
0 0.298107 0.591837 0.015773 0.034985
0 0.137224 0.435860 0.018927 0.032070
0 0.218454 0.327988 0.011041 0.020408
0 0.216088 0.418367 0.012618 0.026239
0 0.386435 0.387755 0.015773 0.029155
0 0.370662 0.306122 0.012618 0.017493
0 0.473975 0.364431 0.017350 0.029155
0 0.510252 0.389213 0.014196 0.026239
0 0.602524 0.316327 0.012618 0.020408
0 0.045741 0.361516 0.012618 0.023324
0 0.058360 0.405248 0.015773 0.023324
0 0.174290 0.508746 0.014196 0.020408
0 0.186120 0.495627 0.015773 0.023324
0 0.992114 0.797376 0.015773 0.067055
0 0.973186 0.383382 0.018927 0.032070
